(1088, 379, 1142, 433),{'Frustrated': 0, 'Disagree': 0, 'Tense': 0, 'Happy': 0, 'Surprise': 0, 'Neutral': 0, 'show_img': array([[[255, 255,   0],
        [255, 255,   0],
        [255, 255,   0],
        ...,
        [255, 255,   0],
        [255, 255,   0],
        [255, 255,   0]],

       [[255, 255,   0],
        [163, 158, 177],
        [165, 159, 176],
        ...,
        [ 33,  33,  31],
        [ 36,  36,  34],
        [ 36,  36,  34]],

       [[255, 255,   0],
        [144, 139, 158],
        [146, 140, 157],
        ...,
        [ 23,  23,  21],
        [ 28,  28,  26],
        [ 30,  30,  28]],

       ...,

       [[255, 255,   0],
        [ 37,  36,  49],
        [ 20,  19,  32],
        ...,
        [ 32,  21,  57],
        [ 32,  21,  57],
        [ 33,  22,  58]],

       [[255, 255,   0],
        [ 13,  12,  25],
        [ 20,  19,  32],
        ...,
        [ 31,  20,  56],
        [ 30,  19,  55],
        [ 31,  20,  56]],

       [[255, 255,   0],
        [ 45,  42,  55],
        [ 58,  55,  68],
        ...,
        [ 29,  20,  56],
        [ 32,  23,  59],
        [ 29,  20,  56]]], dtype=uint8), 'face_name': 'face0'}
(474, 380, 531, 437),{'Frustrated': 0, 'Disagree': 0, 'Tense': 0, 'Happy': 0, 'Surprise': 0, 'Neutral': 0, 'show_img': array([[[255, 255,   0],
        [255, 255,   0],
        [255, 255,   0],
        ...,
        [255, 255,   0],
        [255, 255,   0],
        [255, 255,   0]],

       [[255, 255,   0],
        [185, 192, 195],
        [185, 192, 195],
        ...,
        [ 13,  13,  17],
        [ 13,  13,  17],
        [ 17,  17,  21]],

       [[255, 255,   0],
        [185, 192, 195],
        [185, 192, 195],
        ...,
        [ 11,  11,  15],
        [  8,   8,  12],
        [ 13,  13,  17]],

       ...,

       [[255, 255,   0],
        [186, 195, 196],
        [186, 195, 196],
        ...,
        [180, 187, 186],
        [167, 174, 173],
        [125, 132, 129]],

       [[255, 255,   0],
        [186, 195, 196],
        [186, 195, 196],
        ...,
        [186, 193, 192],
        [161, 168, 167],
        [ 92,  99,  96]],

       [[255, 255,   0],
        [186, 195, 196],
        [186, 195, 196],
        ...,
        [202, 209, 208],
        [167, 174, 173],
        [ 88,  95,  92]]], dtype=uint8), 'face_name': 'face1'}
(1606, 402, 1654, 450),{'Frustrated': 0, 'Disagree': 0, 'Tense': 0, 'Happy': 0, 'Surprise': 0, 'Neutral': 0, 'show_img': array([[[255, 255,   0],
        [255, 255,   0],
        [255, 255,   0],
        ...,
        [255, 255,   0],
        [255, 255,   0],
        [255, 255,   0]],

       [[255, 255,   0],
        [141, 164, 168],
        [143, 163, 168],
        ...,
        [ 21,  20,  27],
        [  5,  11,  17],
        [  1,   7,  13]],

       [[255, 255,   0],
        [141, 164, 168],
        [145, 165, 170],
        ...,
        [ 18,  17,  24],
        [  6,  12,  18],
        [  2,   8,  14]],

       ...,

       [[255, 255,   0],
        [149, 164, 172],
        [148, 162, 172],
        ...,
        [ 16,  24,  47],
        [ 39,  46,  67],
        [ 58,  65,  86]],

       [[255, 255,   0],
        [156, 167, 176],
        [149, 161, 173],
        ...,
        [ 35,  44,  69],
        [ 49,  57,  80],
        [ 55,  63,  86]],

       [[255, 255,   0],
        [157, 168, 177],
        [159, 171, 183],
        ...,
        [ 38,  47,  72],
        [ 50,  58,  81],
        [ 49,  57,  80]]], dtype=uint8), 'face_name': 'face2'}
(1270, 399, 1346, 475),{'Frustrated': 0, 'Disagree': 0, 'Tense': 0, 'Happy': 0, 'Surprise': 0, 'Neutral': 0, 'show_img': array([[[255, 255,   0],
        [255, 255,   0],
        [255, 255,   0],
        ...,
        [255, 255,   0],
        [255, 255,   0],
        [255, 255,   0]],

       [[255, 255,   0],
        [ 23,  24,  26],
        [ 12,  14,  14],
        ...,
        [ 15,  14,  16],
        [ 36,  36,  40],
        [ 80,  80,  84]],

       [[255, 255,   0],
        [ 17,  18,  20],
        [ 12,  14,  14],
        ...,
        [ 12,  11,  13],
        [ 11,  11,  15],
        [ 36,  36,  40]],

       ...,

       [[255, 255,   0],
        [178, 188, 187],
        [178, 188, 187],
        ...,
        [ 52,  61,  82],
        [ 51,  62,  81],
        [ 51,  62,  81]],

       [[255, 255,   0],
        [178, 188, 187],
        [178, 188, 187],
        ...,
        [ 51,  60,  81],
        [ 50,  61,  80],
        [ 51,  62,  81]],

       [[255, 255,   0],
        [177, 187, 186],
        [178, 188, 187],
        ...,
        [ 50,  60,  82],
        [ 48,  60,  82],
        [ 48,  60,  82]]], dtype=uint8), 'face_name': 'face3'}
(1004, 404, 1080, 480),{'Frustrated': 0, 'Disagree': 0, 'Tense': 0, 'Happy': 0, 'Surprise': 0, 'Neutral': 0, 'show_img': array([[[255, 255,   0],
        [255, 255,   0],
        [255, 255,   0],
        ...,
        [255, 255,   0],
        [255, 255,   0],
        [255, 255,   0]],

       [[255, 255,   0],
        [  4,   4,   4],
        [  4,   4,   8],
        ...,
        [ 72,  73,  75],
        [190, 193, 195],
        [217, 220, 222]],

       [[255, 255,   0],
        [  4,   4,   4],
        [  4,   4,   8],
        ...,
        [ 22,  23,  25],
        [125, 126, 128],
        [214, 215, 217]],

       ...,

       [[255, 255,   0],
        [ 59,  59,  59],
        [ 43,  42,  44],
        ...,
        [ 16,  21,  33],
        [ 16,  25,  40],
        [ 19,  28,  43]],

       [[255, 255,   0],
        [ 48,  47,  49],
        [ 42,  40,  44],
        ...,
        [ 11,  17,  34],
        [ 14,  23,  44],
        [ 18,  27,  48]],

       [[255, 255,   0],
        [ 38,  37,  39],
        [ 34,  32,  36],
        ...,
        [  5,  11,  28],
        [  9,  18,  39],
        [ 20,  29,  50]]], dtype=uint8), 'face_name': 'face4'}
(316, 428, 393, 505),{'Frustrated': 0, 'Disagree': 0, 'Tense': 0, 'Happy': 0, 'Surprise': 0, 'Neutral': 0, 'show_img': array([[[255, 255,   0],
        [255, 255,   0],
        [255, 255,   0],
        ...,
        [255, 255,   0],
        [255, 255,   0],
        [255, 255,   0]],

       [[255, 255,   0],
        [ 10,   8,   9],
        [  9,   7,   8],
        ...,
        [ 28,  30,  30],
        [ 20,  22,  22],
        [  9,  12,  14]],

       [[255, 255,   0],
        [  9,   6,   9],
        [  8,   5,   8],
        ...,
        [ 30,  32,  32],
        [ 21,  23,  23],
        [ 12,  13,  15]],

       ...,

       [[255, 255,   0],
        [ 15,  15,  15],
        [ 21,  20,  22],
        ...,
        [ 37,  34,  37],
        [ 51,  48,  51],
        [ 41,  36,  39]],

       [[255, 255,   0],
        [ 15,  15,  15],
        [ 21,  20,  22],
        ...,
        [ 38,  35,  38],
        [ 48,  45,  48],
        [ 38,  33,  36]],

       [[255, 255,   0],
        [ 14,  14,  14],
        [ 21,  21,  21],
        ...,
        [ 26,  22,  23],
        [ 46,  42,  43],
        [ 37,  33,  34]]], dtype=uint8), 'face_name': 'face5'}
(216, 450, 291, 525),{'Frustrated': 0, 'Disagree': 0, 'Tense': 0, 'Happy': 0, 'Surprise': 0, 'Neutral': 0, 'show_img': array([[[255, 255,   0],
        [255, 255,   0],
        [255, 255,   0],
        ...,
        [255, 255,   0],
        [255, 255,   0],
        [255, 255,   0]],

       [[255, 255,   0],
        [154, 160, 167],
        [157, 161, 167],
        ...,
        [ 22,  20,  21],
        [ 22,  20,  21],
        [ 21,  19,  20]],

       [[255, 255,   0],
        [155, 161, 168],
        [151, 155, 161],
        ...,
        [ 21,  19,  20],
        [ 21,  19,  20],
        [ 20,  18,  19]],

       ...,

       [[255, 255,   0],
        [  7,   6,   8],
        [  7,   6,   8],
        ...,
        [ 15,  17,  17],
        [ 16,  18,  18],
        [ 16,  16,  16]],

       [[255, 255,   0],
        [  7,   6,   8],
        [  6,   5,   7],
        ...,
        [ 13,  15,  15],
        [ 13,  15,  15],
        [ 14,  14,  14]],

       [[255, 255,   0],
        [  8,   7,   9],
        [  7,   6,   8],
        ...,
        [ 11,  13,  13],
        [ 12,  14,  14],
        [ 13,  13,  13]]], dtype=uint8), 'face_name': 'face6'}
(1161, 446, 1229, 514),{'Frustrated': 0, 'Disagree': 0, 'Tense': 0, 'Happy': 0, 'Surprise': 0, 'Neutral': 0, 'show_img': array([[[255, 255,   0],
        [255, 255,   0],
        [255, 255,   0],
        ...,
        [255, 255,   0],
        [255, 255,   0],
        [255, 255,   0]],

       [[255, 255,   0],
        [ 38,  37,  45],
        [ 15,  14,  22],
        ...,
        [194, 198, 198],
        [188, 192, 192],
        [186, 190, 190]],

       [[255, 255,   0],
        [ 28,  25,  33],
        [ 19,  16,  24],
        ...,
        [187, 191, 189],
        [194, 198, 196],
        [185, 189, 187]],

       ...,

       [[255, 255,   0],
        [ 88,  88,  81],
        [ 86,  86,  79],
        ...,
        [111, 108, 105],
        [131, 128, 125],
        [144, 141, 138]],

       [[255, 255,   0],
        [ 45,  42,  39],
        [ 52,  49,  46],
        ...,
        [119, 115, 114],
        [148, 144, 143],
        [161, 157, 156]],

       [[255, 255,   0],
        [ 39,  36,  33],
        [ 48,  45,  42],
        ...,
        [ 75,  71,  70],
        [115, 111, 110],
        [134, 130, 129]]], dtype=uint8), 'face_name': 'face7'}
(100, 477, 169, 546),{'Frustrated': 0, 'Disagree': 0, 'Tense': 0, 'Happy': 0, 'Surprise': 0, 'Neutral': 0, 'show_img': array([[[255, 255,   0],
        [255, 255,   0],
        [255, 255,   0],
        ...,
        [255, 255,   0],
        [255, 255,   0],
        [255, 255,   0]],

       [[255, 255,   0],
        [  8,  13,  16],
        [  9,  11,  15],
        ...,
        [ 30,  32,  36],
        [ 30,  32,  36],
        [ 30,  31,  38]],

       [[255, 255,   0],
        [  9,  14,  17],
        [  8,  10,  14],
        ...,
        [ 30,  32,  36],
        [ 30,  32,  36],
        [ 30,  31,  38]],

       ...,

       [[255, 255,   0],
        [  6,  17,  32],
        [ 22,  33,  53],
        ...,
        [ 15,  13,  17],
        [ 15,  13,  17],
        [ 14,  13,  15]],

       [[255, 255,   0],
        [  0,   2,  12],
        [ 19,  23,  39],
        ...,
        [ 13,  13,  17],
        [ 13,  13,  17],
        [ 11,  12,  14]],

       [[255, 255,   0],
        [  0,   6,  16],
        [ 16,  20,  36],
        ...,
        [ 13,  13,  17],
        [ 13,  13,  17],
        [ 11,  12,  14]]], dtype=uint8), 'face_name': 'face8'}
(1707, 376, 1758, 427),{'Frustrated': 0, 'Disagree': 0, 'Tense': 0, 'Happy': 0, 'Surprise': 0, 'Neutral': 0, 'show_img': array([[[255, 255,   0],
        [255, 255,   0],
        [255, 255,   0],
        ...,
        [255, 255,   0],
        [255, 255,   0],
        [255, 255,   0]],

       [[255, 255,   0],
        [148, 154, 160],
        [107, 113, 119],
        ...,
        [ 10,  11,  13],
        [  7,  10,  12],
        [  8,  11,  13]],

       [[255, 255,   0],
        [119, 120, 127],
        [ 79,  80,  87],
        ...,
        [  6,  10,  17],
        [  4,  10,  16],
        [  4,  10,  16]],

       ...,

       [[255, 255,   0],
        [ 44,  29,  32],
        [ 37,  22,  25],
        ...,
        [ 16,  29,  49],
        [ 18,  31,  51],
        [ 20,  33,  53]],

       [[255, 255,   0],
        [ 24,   9,  12],
        [ 26,  11,  14],
        ...,
        [ 17,  30,  50],
        [ 18,  31,  51],
        [ 22,  35,  55]],

       [[255, 255,   0],
        [ 26,  12,  11],
        [ 27,  13,  12],
        ...,
        [ 21,  34,  54],
        [ 22,  35,  55],
        [ 24,  37,  57]]], dtype=uint8), 'face_name': 'face9'}
(1823, 550, 1874, 601),{'Frustrated': 0, 'Disagree': 0, 'Tense': 0, 'Happy': 0, 'Surprise': 0, 'Neutral': 0, 'show_img': array([[[255, 255,   0],
        [255, 255,   0],
        [255, 255,   0],
        ...,
        [255, 255,   0],
        [255, 255,   0],
        [255, 255,   0]],

       [[255, 255,   0],
        [137, 126, 115],
        [136, 125, 114],
        ...,
        [ 31,  23,  21],
        [ 32,  24,  22],
        [ 32,  24,  22]],

       [[255, 255,   0],
        [137, 124, 113],
        [138, 125, 114],
        ...,
        [ 27,  19,  17],
        [ 29,  21,  19],
        [ 32,  24,  22]],

       ...,

       [[255, 255,   0],
        [122, 100,  83],
        [122, 100,  83],
        ...,
        [ 13,  11,  10],
        [ 14,  10,   9],
        [ 14,  10,   9]],

       [[255, 255,   0],
        [121,  99,  82],
        [121,  99,  82],
        ...,
        [ 14,  12,  11],
        [ 14,  10,   9],
        [ 14,  10,   9]],

       [[255, 255,   0],
        [113,  93,  79],
        [113,  93,  79],
        ...,
        [ 13,  11,  10],
        [ 12,  10,   9],
        [ 12,  10,   9]]], dtype=uint8), 'face_name': 'face10'}
(1243, 518, 1294, 569),{'Frustrated': 0, 'Disagree': 0, 'Tense': 0, 'Happy': 0, 'Surprise': 0, 'Neutral': 0, 'show_img': array([[[255, 255,   0],
        [255, 255,   0],
        [255, 255,   0],
        ...,
        [255, 255,   0],
        [255, 255,   0],
        [255, 255,   0]],

       [[255, 255,   0],
        [ 37,  27,  19],
        [ 37,  27,  19],
        ...,
        [141, 139, 133],
        [149, 147, 141],
        [150, 148, 142]],

       [[255, 255,   0],
        [ 33,  25,  19],
        [ 33,  25,  19],
        ...,
        [141, 138, 135],
        [149, 146, 143],
        [150, 147, 144]],

       ...,

       [[255, 255,   0],
        [195, 180, 175],
        [189, 174, 169],
        ...,
        [183, 176, 167],
        [182, 175, 166],
        [181, 174, 165]],

       [[255, 255,   0],
        [187, 172, 167],
        [186, 171, 166],
        ...,
        [183, 176, 167],
        [182, 175, 166],
        [181, 174, 165]],

       [[255, 255,   0],
        [194, 179, 175],
        [195, 180, 176],
        ...,
        [184, 177, 168],
        [183, 176, 167],
        [182, 175, 166]]], dtype=uint8), 'face_name': 'face11'}
(281, 389, 337, 445),{'Frustrated': 0, 'Disagree': 0, 'Tense': 0, 'Happy': 0, 'Surprise': 0, 'Neutral': 0, 'show_img': array([[[255, 255,   0],
        [255, 255,   0],
        [255, 255,   0],
        ...,
        [255, 255,   0],
        [255, 255,   0],
        [255, 255,   0]],

       [[255, 255,   0],
        [  9,  18,  33],
        [ 14,  23,  38],
        ...,
        [  2,   6,  13],
        [  0,   0,   7],
        [ 50,  56,  62]],

       [[255, 255,   0],
        [ 13,  22,  37],
        [ 17,  26,  41],
        ...,
        [  2,   6,  13],
        [  0,   0,   7],
        [ 64,  70,  76]],

       ...,

       [[255, 255,   0],
        [ 16,  16,  14],
        [ 15,  15,  13],
        ...,
        [ 33,  46,  66],
        [ 35,  48,  68],
        [ 36,  48,  70]],

       [[255, 255,   0],
        [ 16,  16,  14],
        [ 15,  15,  13],
        ...,
        [ 34,  47,  67],
        [ 38,  51,  71],
        [ 38,  50,  72]],

       [[255, 255,   0],
        [ 15,  15,  13],
        [ 14,  14,  12],
        ...,
        [ 39,  50,  70],
        [ 42,  53,  73],
        [ 43,  52,  73]]], dtype=uint8), 'face_name': 'face12'}
(1, 484, 62, 545),{'Frustrated': 0, 'Disagree': 0, 'Tense': 0, 'Happy': 0, 'Surprise': 0, 'Neutral': 0, 'show_img': array([[[255, 255,   0],
        [255, 255,   0],
        [255, 255,   0],
        ...,
        [255, 255,   0],
        [255, 255,   0],
        [255, 255,   0]],

       [[255, 255,   0],
        [ 11,  25,  47],
        [ 19,  33,  55],
        ...,
        [ 22,  28,  34],
        [ 17,  24,  30],
        [ 35,  42,  48]],

       [[255, 255,   0],
        [ 16,  34,  59],
        [ 22,  40,  65],
        ...,
        [ 20,  24,  30],
        [ 14,  20,  26],
        [ 20,  26,  32]],

       ...,

       [[255, 255,   0],
        [ 17,  34,  62],
        [ 17,  34,  62],
        ...,
        [130, 142, 142],
        [129, 140, 142],
        [128, 139, 141]],

       [[255, 255,   0],
        [ 16,  33,  61],
        [ 17,  34,  62],
        ...,
        [130, 142, 142],
        [127, 138, 140],
        [127, 138, 140]],

       [[255, 255,   0],
        [ 22,  35,  60],
        [ 22,  35,  60],
        ...,
        [128, 140, 140],
        [125, 138, 140],
        [125, 138, 140]]], dtype=uint8), 'face_name': 'face13'}
(958, 386, 1009, 437),{'Frustrated': 0, 'Disagree': 0, 'Tense': 0, 'Happy': 0, 'Surprise': 0, 'Neutral': 0, 'show_img': array([[[255, 255,   0],
        [255, 255,   0],
        [255, 255,   0],
        ...,
        [255, 255,   0],
        [255, 255,   0],
        [255, 255,   0]],

       [[255, 255,   0],
        [ 13,  13,   7],
        [ 13,  13,   7],
        ...,
        [ 20,  16,  15],
        [ 14,  10,   9],
        [ 17,  15,  14]],

       [[255, 255,   0],
        [ 11,  10,   7],
        [ 11,  12,   8],
        ...,
        [ 16,  14,  13],
        [ 16,  14,  13],
        [ 15,  13,  12]],

       ...,

       [[255, 255,   0],
        [ 14,  18,  34],
        [ 13,  17,  33],
        ...,
        [  0,   0,   9],
        [  0,   5,  16],
        [  4,  13,  28]],

       [[255, 255,   0],
        [ 15,  19,  35],
        [ 14,  18,  34],
        ...,
        [  0,   1,  12],
        [  0,   2,  13],
        [  0,   2,  17]],

       [[255, 255,   0],
        [ 17,  21,  37],
        [ 16,  20,  36],
        ...,
        [  0,   2,  15],
        [  0,   2,  15],
        [  0,   0,  14]]], dtype=uint8), 'face_name': 'face14'}
(897, 406, 944, 453),{'Frustrated': 0, 'Disagree': 0, 'Tense': 0, 'Happy': 0, 'Surprise': 0, 'Neutral': 0, 'show_img': array([[[255, 255,   0],
        [255, 255,   0],
        [255, 255,   0],
        ...,
        [255, 255,   0],
        [255, 255,   0],
        [255, 255,   0]],

       [[255, 255,   0],
        [206, 213, 202],
        [141, 148, 137],
        ...,
        [ 43,  44,  52],
        [ 55,  58,  68],
        [ 48,  51,  61]],

       [[255, 255,   0],
        [184, 191, 180],
        [126, 133, 122],
        ...,
        [ 52,  53,  61],
        [ 62,  65,  75],
        [ 52,  55,  65]],

       ...,

       [[255, 255,   0],
        [185, 194, 186],
        [185, 194, 186],
        ...,
        [177, 151, 125],
        [206, 179, 156],
        [175, 148, 125]],

       [[255, 255,   0],
        [185, 194, 186],
        [185, 194, 186],
        ...,
        [180, 154, 128],
        [204, 177, 154],
        [152, 125, 102]],

       [[255, 255,   0],
        [185, 194, 186],
        [185, 194, 186],
        ...,
        [210, 183, 156],
        [211, 186, 158],
        [153, 128, 100]]], dtype=uint8), 'face_name': 'face15'}
(1731, 344, 1782, 395),{'Frustrated': 0, 'Disagree': 0, 'Tense': 0, 'Happy': 0, 'Surprise': 0, 'Neutral': 0, 'show_img': array([[[255, 255,   0],
        [255, 255,   0],
        [255, 255,   0],
        ...,
        [255, 255,   0],
        [255, 255,   0],
        [255, 255,   0]],

       [[255, 255,   0],
        [156, 163, 169],
        [106, 113, 119],
        ...,
        [  9,  14,  17],
        [  7,  14,  17],
        [  7,  14,  17]],

       [[255, 255,   0],
        [116, 122, 128],
        [ 72,  78,  84],
        ...,
        [  9,  13,  19],
        [  7,  13,  19],
        [  6,  12,  18]],

       ...,

       [[255, 255,   0],
        [174, 180, 187],
        [172, 178, 185],
        ...,
        [ 54,  59,  69],
        [124, 122, 126],
        [156, 154, 158]],

       [[255, 255,   0],
        [176, 182, 189],
        [183, 189, 196],
        ...,
        [ 30,  35,  45],
        [ 31,  29,  33],
        [ 32,  30,  34]],

       [[255, 255,   0],
        [207, 209, 213],
        [213, 215, 219],
        ...,
        [ 27,  26,  34],
        [ 17,   8,  10],
        [ 10,   1,   3]]], dtype=uint8), 'face_name': 'face16'}
(1629, 372, 1677, 420),{'Frustrated': 0, 'Disagree': 0, 'Tense': 0, 'Happy': 0, 'Surprise': 0, 'Neutral': 0, 'show_img': array([[[255, 255,   0],
        [255, 255,   0],
        [255, 255,   0],
        ...,
        [255, 255,   0],
        [255, 255,   0],
        [255, 255,   0]],

       [[255, 255,   0],
        [163, 177, 183],
        [160, 174, 180],
        ...,
        [ 16,  21,  24],
        [ 16,  21,  24],
        [ 12,  19,  22]],

       [[255, 255,   0],
        [170, 182, 188],
        [137, 149, 155],
        ...,
        [ 13,  15,  19],
        [ 14,  16,  20],
        [ 12,  17,  20]],

       ...,

       [[255, 255,   0],
        [163, 178, 192],
        [152, 167, 181],
        ...,
        [ 42,  45,  55],
        [ 19,  22,  32],
        [ 13,  12,  19]],

       [[255, 255,   0],
        [175, 185, 197],
        [137, 147, 159],
        ...,
        [ 43,  43,  54],
        [ 19,  19,  30],
        [ 15,  11,  16]],

       [[255, 255,   0],
        [140, 150, 162],
        [104, 114, 126],
        ...,
        [ 42,  42,  53],
        [ 19,  19,  30],
        [ 20,  16,  21]]], dtype=uint8), 'face_name': 'face17'}
(326, 351, 381, 406),{'Frustrated': 0, 'Disagree': 0, 'Tense': 0, 'Happy': 0, 'Surprise': 0, 'Neutral': 0, 'show_img': array([[[255, 255,   0],
        [255, 255,   0],
        [255, 255,   0],
        ...,
        [255, 255,   0],
        [255, 255,   0],
        [255, 255,   0]],

       [[255, 255,   0],
        [  5,   5,   9],
        [  2,   3,  10],
        ...,
        [  7,  12,  15],
        [  9,  14,  17],
        [ 13,  16,  18]],

       [[255, 255,   0],
        [  4,   4,   8],
        [  2,   3,  10],
        ...,
        [  7,  12,  15],
        [  7,  12,  15],
        [ 11,  14,  16]],

       ...,

       [[255, 255,   0],
        [  0,   6,  12],
        [  3,   9,  10],
        ...,
        [  7,   7,  11],
        [  8,   8,  12],
        [  9,  10,  12]],

       [[255, 255,   0],
        [  5,  10,  13],
        [  8,  12,  12],
        ...,
        [  6,   7,  15],
        [  5,   6,  14],
        [  6,   8,  12]],

       [[255, 255,   0],
        [  8,  13,  16],
        [  9,  13,  13],
        ...,
        [  6,   7,  15],
        [  6,   7,  15],
        [  6,   8,  12]]], dtype=uint8), 'face_name': 'face18'}
(1107, 340, 1160, 393),{'Frustrated': 0, 'Disagree': 0, 'Tense': 0, 'Happy': 0, 'Surprise': 0, 'Neutral': 0, 'show_img': array([[[255, 255,   0],
        [255, 255,   0],
        [255, 255,   0],
        ...,
        [255, 255,   0],
        [255, 255,   0],
        [255, 255,   0]],

       [[255, 255,   0],
        [144, 145, 161],
        [147, 148, 164],
        ...,
        [ 28,  27,  34],
        [ 30,  28,  39],
        [ 31,  29,  40]],

       [[255, 255,   0],
        [166, 167, 183],
        [167, 168, 184],
        ...,
        [ 28,  27,  34],
        [ 38,  36,  47],
        [ 37,  35,  46]],

       ...,

       [[255, 255,   0],
        [ 34,  33,  46],
        [ 43,  42,  55],
        ...,
        [ 42,  33,  71],
        [ 39,  27,  67],
        [ 36,  24,  64]],

       [[255, 255,   0],
        [ 66,  65,  78],
        [ 84,  83,  96],
        ...,
        [ 43,  34,  72],
        [ 35,  23,  63],
        [ 36,  24,  64]],

       [[255, 255,   0],
        [108, 107, 121],
        [114, 113, 127],
        ...,
        [ 39,  33,  70],
        [ 34,  24,  64],
        [ 36,  26,  66]]], dtype=uint8), 'face_name': 'face19'}
(561, 411, 602, 452),{'Frustrated': 0, 'Disagree': 0, 'Tense': 0, 'Happy': 0, 'Surprise': 0, 'Neutral': 0, 'show_img': array([[[255, 255,   0],
        [255, 255,   0],
        [255, 255,   0],
        ...,
        [255, 255,   0],
        [255, 255,   0],
        [255, 255,   0]],

       [[255, 255,   0],
        [  4,   6,  10],
        [  3,   5,   9],
        ...,
        [ 13,  14,  16],
        [ 10,  13,  15],
        [  4,   7,   9]],

       [[255, 255,   0],
        [  3,   5,   9],
        [  4,   6,  10],
        ...,
        [ 11,  12,  14],
        [  7,  10,  12],
        [  3,   6,   8]],

       ...,

       [[255, 255,   0],
        [178, 172, 163],
        [182, 176, 167],
        ...,
        [144, 147, 157],
        [148, 153, 163],
        [150, 155, 165]],

       [[255, 255,   0],
        [180, 174, 165],
        [182, 176, 167],
        ...,
        [124, 125, 133],
        [125, 126, 134],
        [126, 127, 135]],

       [[255, 255,   0],
        [180, 174, 165],
        [182, 176, 167],
        ...,
        [ 98,  99, 107],
        [ 99, 100, 108],
        [ 99, 100, 108]]], dtype=uint8), 'face_name': 'face20'}
(1157, 347, 1208, 398),{'Frustrated': 0, 'Disagree': 0, 'Tense': 0, 'Happy': 0, 'Surprise': 0, 'Neutral': 0, 'show_img': array([[[255, 255,   0],
        [255, 255,   0],
        [255, 255,   0],
        ...,
        [255, 255,   0],
        [255, 255,   0],
        [255, 255,   0]],

       [[255, 255,   0],
        [ 20,  19,  27],
        [ 16,  15,  23],
        ...,
        [  8,   5,  12],
        [ 21,  18,  26],
        [ 95,  92, 100]],

       [[255, 255,   0],
        [ 20,  19,  27],
        [ 19,  18,  26],
        ...,
        [ 12,   9,  16],
        [ 17,  14,  22],
        [ 84,  81,  89]],

       ...,

       [[255, 255,   0],
        [ 85,  94, 119],
        [ 86,  95, 120],
        ...,
        [189, 195, 188],
        [190, 196, 189],
        [192, 198, 191]],

       [[255, 255,   0],
        [ 83,  92, 117],
        [ 85,  94, 119],
        ...,
        [187, 192, 188],
        [192, 197, 193],
        [203, 208, 204]],

       [[255, 255,   0],
        [ 78,  87, 112],
        [ 84,  93, 118],
        ...,
        [211, 216, 212],
        [212, 217, 213],
        [212, 217, 213]]], dtype=uint8), 'face_name': 'face21'}
(1106, 281, 1292, 467),{'Frustrated': 0, 'Disagree': 0, 'Tense': 0, 'Happy': 0, 'Surprise': 0, 'Neutral': 0, 'show_img': array([[[255, 255,   0],
        [255, 255,   0],
        [255, 255,   0],
        ...,
        [255, 255,   0],
        [255, 255,   0],
        [255, 255,   0]],

       [[255, 255,   0],
        [134, 133, 154],
        [140, 139, 160],
        ...,
        [237, 230, 239],
        [255, 252, 255],
        [255, 251, 255]],

       [[255, 255,   0],
        [138, 137, 158],
        [143, 142, 163],
        ...,
        [233, 226, 235],
        [255, 252, 255],
        [255, 252, 255]],

       ...,

       [[255, 255,   0],
        [ 21,   8,  17],
        [ 24,   6,  11],
        ...,
        [175, 188, 186],
        [175, 188, 186],
        [175, 188, 186]],

       [[255, 255,   0],
        [ 24,  11,  20],
        [ 36,  18,  23],
        ...,
        [176, 189, 187],
        [175, 188, 186],
        [175, 188, 186]],

       [[255, 255,   0],
        [ 34,  17,  18],
        [ 79,  57,  57],
        ...,
        [178, 189, 184],
        [174, 187, 183],
        [174, 187, 183]]], dtype=uint8), 'face_name': 'face22'}
(1841, 515, 1890, 564),{'Frustrated': 0, 'Disagree': 0, 'Tense': 0, 'Happy': 0, 'Surprise': 0, 'Neutral': 0, 'show_img': array([[[255, 255,   0],
        [255, 255,   0],
        [255, 255,   0],
        ...,
        [255, 255,   0],
        [255, 255,   0],
        [255, 255,   0]],

       [[255, 255,   0],
        [136, 123, 112],
        [140, 127, 116],
        ...,
        [ 25,  16,  16],
        [ 24,  18,  16],
        [ 25,  19,  17]],

       [[255, 255,   0],
        [136, 123, 112],
        [136, 123, 112],
        ...,
        [ 22,  13,  13],
        [ 19,  13,  11],
        [ 20,  14,  12]],

       ...,

       [[255, 255,   0],
        [115, 100,  79],
        [116, 101,  80],
        ...,
        [ 13,  10,  13],
        [ 12,  11,  13],
        [ 12,  11,  13]],

       [[255, 255,   0],
        [118,  99,  81],
        [118,  99,  81],
        ...,
        [ 13,  11,  12],
        [ 12,  12,  12],
        [ 12,  12,  12]],

       [[255, 255,   0],
        [121, 102,  84],
        [120, 101,  83],
        ...,
        [ 13,  11,  12],
        [ 12,  12,  12],
        [ 12,  12,  12]]], dtype=uint8), 'face_name': 'face23'}
(1317, 362, 1400, 445),{'Frustrated': 0, 'Disagree': 0, 'Tense': 0, 'Happy': 0, 'Surprise': 0, 'Neutral': 0, 'show_img': array([[[255, 255,   0],
        [255, 255,   0],
        [255, 255,   0],
        ...,
        [255, 255,   0],
        [255, 255,   0],
        [255, 255,   0]],

       [[255, 255,   0],
        [ 49,  45,  56],
        [ 38,  34,  45],
        ...,
        [ 69,  81,  87],
        [ 77,  89,  94],
        [ 92, 104, 109]],

       [[255, 255,   0],
        [ 48,  43,  52],
        [ 42,  37,  46],
        ...,
        [ 82,  95, 104],
        [ 89, 103, 109],
        [103, 117, 123]],

       ...,

       [[255, 255,   0],
        [174, 182, 185],
        [174, 182, 185],
        ...,
        [153, 155, 148],
        [139, 139, 132],
        [137, 137, 130]],

       [[255, 255,   0],
        [174, 182, 185],
        [174, 182, 185],
        ...,
        [136, 138, 131],
        [132, 132, 125],
        [133, 133, 126]],

       [[255, 255,   0],
        [176, 184, 187],
        [175, 183, 186],
        ...,
        [125, 125, 118],
        [127, 127, 120],
        [123, 123, 116]]], dtype=uint8), 'face_name': 'face24'}
